[gd_scene load_steps=2 format=2]

[sub_resource type="SpatialMaterial" id=1]
albedo_color = Color( 0.815686, 0.239216, 0.239216, 1 )

[node name="HeadingDisplay" type="Spatial"]

[node name="Camera" type="Camera" parent="."]
transform = Transform( 1, 0, 0, 0, 0.845364, 0.53419, 0, -0.53419, 0.845364, 0, 3.52496, 3.96674 )
projection = 1
size = 5.64

[node name="CSGCylinder" type="CSGCylinder" parent="."]
transform = Transform( 0.0442123, 0.999022, 4.36686e-08, 0, -4.37114e-08, 1, 0.999022, -0.0442123, -1.93258e-09, 0, 0, 0 )
cast_shadow = 0
radius = 0.358379
height = 0.710332
material = SubResource( 1 )

[node name="DirectionalLight" type="DirectionalLight" parent="."]
transform = Transform( 1, 0, 0, 0, 0.153314, 0.988178, 0, -0.988178, 0.153314, 0, 1.92167, 0 )
